35 208 249 308
1 600 530 720
36 152 320 648
37 250 360 500
2 600 500 500
38 285 285 433
3 470 498 498
39 273 275 440
40 558 470 548
4 342 307 635
41 236 228 339
5 510 330 650
42 328 260 345
6 260 440 650
43 232 305 460
7 300 400 600
44 340 290 400
8 520 330 440
45 192 266 355
9 260 415 415
46 290 400 480
10 313 333 485
47 125 329 375
11 330 360 360
48 250 315 315
49 200 350 400
12 200 300 430
50 222 273 410
13 210 365 365
51 323 259 345
52 280 420 449
14 198 270 405
53 272 237 373
15 160 315 315
54 220 300 420
16 130 235 340
55 90 235 325
17 90 250 340
56 600 600 1000
18 214 263 440
57 160 310 310
19 162 360 360
58 400 600 1000
20 248 272 408
59 320 500 660
21 162 315 315
60 318 215 303
22 352 238 238
61 160 245 360
23 205 280 285
62 270 230 375
24 130 235 340
63 260 232 252
25 200 320 500
64 140 192 365
65 90 250 440
26 254 350 500
66 130 290 390
27 322 516 516
67 300 400 740
28 250 418 640
68 90 250 450
29 340 450 470
69 400 250 500
70 200 250 500
30 350 360 500
71 353 315 394
31 356 310 598
72 347 295 600
32 190 180 246
73 612 116 765
33 125 285 385
74 101 360 500
34 447 333 345
115 298 282 378
75 180 238 238
116 200 350 500
76 520 705 1005
117 600 600 900
77 150 175 210
118 900 600 600
78 113 187 220
119 800 800 1200
79 350 620 620
120 606 453 453
80 275 240 290
121 218 190 940
81 900 600 850
122 580 580 580
82 1000 614 800
123 155 288 385
83 790 560 650
124 620 480 480
84 410 560 1200
125 280 280 450
85 534 523 645
126 370 400 550
86 192 235 235
127 145 220 330
87 93 260 397
128 225 420 495
88 260 310 390
129 283 295 409
89 155 160 240
130 200 410 410
90 170 178 180
131 240 245 345
91 190 265 320
132 500 500 750
92 220 300 325
133 340 300 595
93 250 250 549
134 180 220 300
94 295 205 375
135 184 250 570
95 92 400 400
136 223 227 387
96 170 200 400
137 110 288 306
97 10 220 290
138 93 210 285
98 455 330 650
139 197 269 398
99 165 241 358
140 500 500 500
100 155 235 380
101 500 530 780
102 160 220 330
103 173 335 477
104 120 210 440
105 102 255 608
106 260 225 300
107 210 155 200
108 93 290 400
109 215 345 790
110 120 250 550
111 172 328 448
112 160 230 450
113 479 353 818
114 145 335 730